   0    0  282  209    0    0    0    0    0  161  183  156    0    0    0  324  247    0    0    0  192    0    0    0    0  439    0    0    0    0    0    0    0    0    0    0  386    0    0    0    0   92    0  192    0  227  174    0    0    0    0    0    0    0  612    0    0    0    0    0 
   0    0  393    0    0    0    0    0    0    0    0    0    0    0    0    0    0    0  227    0    0  198    0  178    0  266    0    0    0    0    0  254    0  236    0    0    0    0    0    0    0    0    0    0  211    0    0    0    0    0    0    0    0  288  274  354    0  279    0    0 
 282  393    0  203  431   75    0  143    0  295  249    0  117  164    0  226  210   95    0  255  139    0  261    0  220  172  160  152  132    0    0  473  188  438  127  132  153    0  290   92  183  187  281  225  448  198    0    0  149    0  525    0    0  490  459  464  176  233  180    0 
 209    0  203    0    0    0    0  191    0    0  215    0    0  198    0    0    0    0    0    0  180    0    0    0    0  359    0    0    0    0    0    0    0    0    0    0  315    0    0    0    0  109    0  141    0  169    0    0  193    0    0    0    0    0    0    0    0    0  158    0 
   0    0  431    0    0    0  240    0  237    0    0    0    0    0  219    0    0    0    0    0    0    0    0    0    0    0    0    0    0    0    0    0    0    0    0    0    0    0    0    0    0    0    0    0    0    0    0    0    0  214    0  221    0    0  278    0    0    0    0    0 
   0    0   75    0    0    0    0    0    0    0    0    0    0    0    0    0    0    0    0    0    0    0    0    0    0    0    0  179    0    0    0    0  228    0    0  170    0    0    0  159    0    0    0    0    0    0    0    0    0    0    0    0    0    0    0    0    0    0    0    0 
   0    0    0    0  240    0    0    0    0    0    0    0    0    0    0    0    0    0    0  248  306    0    0    0    0    0    0    0    0    0    0    0    0    0    0    0    0    0  219    0    0  417  248    0    0    0    0    0    0  174    0    0    0    0  398    0    0    0    0    0 
   0    0  143  191    0    0    0    0    0    0    0    0    0  151    0    0    0    0    0    0  153    0    0    0    0    0    0    0    0    0    0    0    0    0  199    0    0    0    0    0    0  189    0    0    0    0    0    0  159    0    0    0    0    0    0    0    0    0  164    0 
   0    0    0    0  237    0    0    0    0    0    0    0    0    0    0    0    0    0    0    0    0    0    0    0    0    0    0    0    0    0    0    0    0  219    0    0    0    0    0    0    0    0    0    0    0    0    0  230    0    0  214  209    0    0  193  171    0    0    0    0 
 161    0  295    0    0    0    0    0    0    0  235  151    0    0    0    0    0    0    0    0  227    0    0    0    0  457    0    0    0    0    0    0    0  604    0    0  374    0    0    0    0   76    0  203    0    0  146    0    0    0    0    0    0    0  612  602    0    0    0    0 
 183    0  249  215    0    0    0    0    0  235    0    0    0    0    0    0  161    0    0    0  142    0    0    0    0  395  257    0    0    0    0    0    0  553    0    0  362    0    0    0    0  140    0  185    0  153  243    0    0    0    0    0    0    0  568  535    0    0    0    0 
 156    0    0    0    0    0    0    0    0  151    0    0    0    0    0    0    0    0    0    0    0    0    0    0    0    0    0    0    0    0    0    0    0    0    0    0    0    0    0    0    0    0    0    0    0    0  148    0    0    0    0    0    0    0    0    0    0    0    0    0 
   0    0  117    0    0    0    0    0    0    0    0    0    0    0    0    0    0  157    0    0    0    0    0    0    0  313    0    0  169    0    0    0    0    0    0    0  191    0    0    0    0  241    0    0    0    0    0    0  187    0    0    0    0    0  595    0    0    0  219    0 
   0    0  164  198    0    0    0  151    0    0    0    0    0    0    0    0    0    0    0    0    0    0    0    0    0    0    0    0    0    0    0    0    0    0    0    0    0    0    0    0    0  176    0  202    0  169    0    0    0    0    0    0    0    0    0    0    0    0  198    0 
   0    0    0    0  219    0    0    0    0    0    0    0    0    0    0    0    0    0  150    0  346    0    0    0    0    0    0    0    0    0    0    0    0    0    0    0    0    0    0    0    0    0    0    0    0    0    0    0    0  186    0  210    0    0    0  304    0    0    0    0 
 324    0  226    0    0    0    0    0    0    0    0    0    0    0    0    0  224    0    0  186   99    0    0    0  144  310    0    0    0    0  174    0    0  465    0    0  370    0  223    0    0  269    0    0    0  241    0  536    0    0    0    0    0    0  494  471    0  280    0    0 
 247    0  210    0    0    0    0    0    0    0  161    0    0    0    0  224    0    0    0    0   85    0    0    0    0    0  191    0    0    0    0    0    0    0    0    0  337    0    0    0    0  192    0  202    0  152    0    0  219    0    0    0    0    0    0    0    0    0    0    0 
   0    0   95    0    0    0    0    0    0    0    0    0  157    0    0    0    0    0    0    0  234    0    0    0    0    0    0    0    0    0    0    0    0    0    0    0    0    0    0  238    0  219    0    0    0    0    0    0  185    0    0    0    0    0    0    0    0    0    0    0 
   0  227    0    0    0    0    0    0    0    0    0    0    0    0  150    0    0    0    0    0  367    0    0  197    0  298    0    0    0    0    0    0    0  272    0    0  462    0    0    0    0  449  259    0    0    0    0    0    0    0    0  212    0    0  317  319    0  283    0  242 
   0    0  255    0    0    0  248    0    0    0    0    0    0    0    0  186    0    0    0    0  205    0    0    0    0    0    0    0    0  167    0    0    0    0    0    0  416  202  190    0    0  340  171    0    0    0    0    0    0    0    0    0    0    0  442    0  210    0    0    0 
 192    0  139  180    0    0  306  153    0  227  142    0    0    0  346   99   85  234  367  205    0    0    0    0   97  294  123    0    0  216   52  483    0  447  135  208  266  104  191    0  310  137  229  179  464  129    0    0  187    0    0  427    0    0  466  417  170  251    0    0 
   0  198    0    0    0    0    0    0    0    0    0    0    0    0    0    0    0    0    0    0    0    0  262    0    0  223    0    0    0    0    0    0    0  268    0    0    0    0    0    0    0  503    0    0  202    0    0    0    0    0    0    0  252  311  306    0    0  304    0    0 
   0    0  261    0    0    0    0    0    0    0    0    0    0    0    0    0    0    0    0    0    0  262    0    0    0  105    0    0    0    0    0    0  190  398    0    0  352    0    0    0    0    0    0    0    0    0    0    0    0    0    0    0    0    0    0  464    0  172    0  208 
   0  178    0    0    0    0    0    0    0    0    0    0    0    0    0    0    0    0  197    0    0    0    0    0    0    0    0    0    0    0    0  240    0  236    0    0    0    0    0    0    0    0    0    0  239    0    0    0    0    0    0  177    0    0  255    0    0    0    0    0 
   0    0  220    0    0    0    0    0    0    0    0    0    0    0    0  144    0    0    0    0   97    0    0    0    0  322  184    0    0    0  129    0    0    0    0    0    0  170  249    0    0  250    0    0    0    0    0    0    0    0    0    0    0    0    0  474  228    0    0    0 
 439  266  172  359    0    0    0    0    0  457  395    0  313    0    0  310    0    0  298    0  294  223  105    0  322    0  292  153  250    0    0  385  142  350    0  192  267    0  345  235  147  361  269  393  334    0    0    0  330  345    0  361  114  366  395  429  237  185    0    0 
   0    0  160    0    0    0    0    0    0    0  257    0    0    0    0    0  191    0    0    0  123    0    0    0  184  292    0    0    0    0    0    0    0  482  152    0  324    0    0    0    0  265    0    0    0  208    0    0    0    0    0    0    0    0    0    0  196    0    0    0 
   0    0  152    0    0  179    0    0    0    0    0    0    0    0    0    0    0    0    0    0    0    0    0    0    0  153    0    0  247    0    0    0  183    0    0  169  253    0    0    0  170    0    0    0    0    0    0    0    0    0    0    0    0    0    0    0    0    0    0    0 
   0    0  132    0    0    0    0    0    0    0    0    0  169    0    0    0    0    0    0    0    0    0    0    0    0  250    0  247    0    0    0    0    0  574    0    0  138    0    0    0  248  277    0    0    0    0    0    0  245    0    0    0    0    0    0    0    0    0    0    0 
   0    0    0    0    0    0    0    0    0    0    0    0    0    0    0    0    0    0    0  167  216    0    0    0    0    0    0    0    0    0    0    0    0    0    0  219    0    0    0    0    0    0  182    0    0    0    0    0    0    0    0    0    0    0    0    0  196  171    0  176 
   0    0    0    0    0    0    0    0    0    0    0    0    0    0    0  174    0    0    0    0   52    0    0    0  129    0    0    0    0    0    0    0    0    0    0    0    0    0    0    0    0    0    0    0    0  190    0    0    0    0    0    0    0    0    0    0    0    0    0    0 
   0  254  473    0    0    0    0    0    0    0    0    0    0    0    0    0    0    0    0    0  483    0    0  240    0  385    0    0    0    0    0    0    0  113    0    0  544    0    0    0    0  591    0    0  204    0    0    0    0    0  216    0    0  183  153  308    0    0    0    0 
   0    0  188    0    0  228    0    0    0    0    0    0    0    0    0    0    0    0    0    0    0    0  190    0    0  142    0  183    0    0    0    0    0    0    0  167    0    0    0    0  226    0    0    0    0    0    0    0    0    0    0    0    0    0  468    0  211  187    0    0 
   0  236  438    0    0    0    0    0  219  604  553    0    0    0    0  465    0    0  272    0  447  268  398  236    0  350  482    0  574    0    0  113    0    0    0  462  537    0  440    0  462  528  389  592  152    0    0  261  565    0  151  221    0   99   46  232  454  410    0    0 
   0    0  127    0    0    0    0  199    0    0    0    0    0    0    0    0    0    0    0    0  135    0    0    0    0    0  152    0    0    0    0    0    0    0    0    0    0    0    0  150    0  252    0    0    0    0    0    0  216    0    0    0    0    0    0    0  195    0    0    0 
   0    0  132    0    0  170    0    0    0    0    0    0    0    0    0    0    0    0    0    0  208    0    0    0    0  192    0  169    0  219    0    0  167  462    0    0  283    0    0  160  210  287    0    0    0    0    0    0    0    0    0    0    0    0  466  499  180  218    0    0 
 386    0  153  315    0    0    0    0    0  374  362    0  191    0    0  370  337    0  462  416  266    0  352    0    0  267  324  253  138    0    0  544    0  537    0  283    0    0  434  287  239  291    0    0  510  314    0  618  245    0    0  535    0  566  535  555  325  342  268    0 
   0    0    0    0    0    0    0    0    0    0    0    0    0    0    0    0    0    0    0  202  104    0    0    0  170    0    0    0    0    0    0    0    0    0    0    0    0    0  202    0    0  272  232    0    0    0    0    0    0    0    0    0    0    0    0    0    0    0    0    0 
   0    0  290    0    0    0  219    0    0    0    0    0    0    0    0  223    0    0    0  190  191    0    0    0  249  345    0    0    0    0    0    0    0  440    0    0  434  202    0    0    0  322  198    0    0    0    0    0    0  248    0    0    0    0    0  421    0    0    0    0 
   0    0   92    0    0  159    0    0    0    0    0    0    0    0    0    0    0  238    0    0    0    0    0    0    0  235    0    0    0    0    0    0    0    0  150  160  287    0    0    0    0  291    0    0    0    0    0    0  253    0    0    0    0    0    0    0  183    0    0    0 
   0    0  183    0    0    0    0    0    0    0    0    0    0    0    0    0    0    0    0    0  310    0    0    0    0  147    0  170  248    0    0    0  226  462    0  210  239    0    0    0    0  366    0    0    0    0    0    0    0    0    0    0    0    0  513    0    0  274    0    0 
  92    0  187  109    0    0  417  189    0   76  140    0  241  176    0  269  192  219  449  340  137  503    0    0  250  361  265    0  277    0    0  591    0  528  252  287  291  272  322  291  366    0  370   87  554  161  113  589  199    0    0    0    0  594  524  523  299  387  150    0 
   0    0  281    0    0    0  248    0    0    0    0    0    0    0    0    0    0    0  259  171  229    0    0    0    0  269    0    0    0  182    0    0    0  389    0    0    0  232  198    0    0  370    0    0    0    0    0    0    0  231    0    0    0    0    0  401  234    0    0  184 
 192    0  225  141    0    0    0    0    0  203  185    0    0  202    0    0  202    0    0    0  179    0    0    0    0  393    0    0    0    0    0    0    0  592    0    0    0    0    0    0    0   87    0    0    0  186  240    0    0    0    0    0    0    0  607  582    0    0  194    0 
   0  211  448    0    0    0    0    0    0    0    0    0    0    0    0    0    0    0    0    0  464  202    0  239    0  334    0    0    0    0    0  204    0  152    0    0  510    0    0    0    0  554    0    0    0    0    0    0    0    0    0    0    0  194  224  337    0  349    0    0 
 227    0  198  169    0    0    0    0    0    0  153    0    0  169    0  241  152    0    0    0  129    0    0    0    0    0  208    0    0    0  190    0    0    0    0    0  314    0    0    0    0  161    0  186    0    0    0    0    0    0    0    0    0    0    0    0    0    0    0    0 
 174    0    0    0    0    0    0    0    0  146  243  148    0    0    0    0    0    0    0    0    0    0    0    0    0    0    0    0    0    0    0    0    0    0    0    0    0    0    0    0    0  113    0  240    0    0    0    0    0    0    0    0    0    0    0    0    0    0    0    0 
   0    0    0    0    0    0    0    0  230    0    0    0    0    0    0  536    0    0    0    0    0    0    0    0    0    0    0    0    0    0    0    0    0  261    0    0  618    0    0    0    0  589    0    0    0    0    0    0    0    0    0    0    0    0  203  114    0    0    0    0 
   0    0  149  193    0    0    0  159    0    0    0    0  187    0    0    0  219  185    0    0  187    0    0    0    0  330    0    0  245    0    0    0    0  565  216    0  245    0    0  253    0  199    0    0    0    0    0    0    0    0    0    0    0    0    0    0    0    0  164    0 
   0    0    0    0  214    0  174    0    0    0    0    0    0    0  186    0    0    0    0    0    0    0    0    0    0  345    0    0    0    0    0    0    0    0    0    0    0    0  248    0    0    0  231    0    0    0    0    0    0    0    0    0    0    0    0  326    0    0    0    0 
   0    0  525    0    0    0    0    0  214    0    0    0    0    0    0    0    0    0    0    0    0    0    0    0    0    0    0    0    0    0    0  216    0  151    0    0    0    0    0    0    0    0    0    0    0    0    0    0    0    0    0    0    0    0   91    0    0    0    0    0 
   0    0    0    0  221    0    0    0  209    0    0    0    0    0  210    0    0    0  212    0  427    0    0  177    0  361    0    0    0    0    0    0    0  221    0    0  535    0    0    0    0    0    0    0    0    0    0    0    0    0    0    0    0    0  228  246    0    0    0    0 
   0    0    0    0    0    0    0    0    0    0    0    0    0    0    0    0    0    0    0    0    0  252    0    0    0  114    0    0    0    0    0    0    0    0    0    0    0    0    0    0    0    0    0    0    0    0    0    0    0    0    0    0    0    0  439    0    0    0    0    0 
   0  288  490    0    0    0    0    0    0    0    0    0    0    0    0    0    0    0    0    0    0  311    0    0    0  366    0    0    0    0    0  183    0   99    0    0  566    0    0    0    0  594    0    0  194    0    0    0    0    0    0    0    0    0  167  318    0    0    0    0 
 612  274  459    0  278    0  398    0  193  612  568    0  595    0    0  494    0    0  317  442  466  306    0  255    0  395    0    0    0    0    0  153  468   46    0  466  535    0    0    0  513  524    0  607  224    0    0  203    0    0   91  228  439  167    0  179    0  413    0  393 
   0  354  464    0    0    0    0    0  171  602  535    0    0    0  304  471    0    0  319    0  417    0  464    0  474  429    0    0    0    0    0  308    0  232    0  499  555    0  421    0    0  523  401  582  337    0    0  114    0  326    0  246    0  318  179    0  480    0    0    0 
   0    0  176    0    0    0    0    0    0    0    0    0    0    0    0    0    0    0    0  210  170    0    0    0  228  237  196    0    0  196    0    0  211  454  195  180  325    0    0  183    0  299  234    0    0    0    0    0    0    0    0    0    0    0    0  480    0  219    0    0 
   0  279  233    0    0    0    0    0    0    0    0    0    0    0    0  280    0    0  283    0  251  304  172    0    0  185    0    0    0  171    0    0  187  410    0  218  342    0    0    0  274  387    0    0  349    0    0    0    0    0    0    0    0    0  413    0  219    0    0  140 
   0    0  180  158    0    0    0  164    0    0    0    0  219  198    0    0    0    0    0    0    0    0    0    0    0    0    0    0    0    0    0    0    0    0    0    0  268    0    0    0    0  150    0  194    0    0    0    0  164    0    0    0    0    0    0    0    0    0    0    0 
   0    0    0    0    0    0    0    0    0    0    0    0    0    0    0    0    0    0  242    0    0    0  208    0    0    0    0    0    0  176    0    0    0    0    0    0    0    0    0    0    0    0  184    0    0    0    0    0    0    0    0    0    0    0  393    0    0  140    0    0 
